function [face_space]= GetFaceSpace

face_space =[50 49 47 43 38 32 25 17 9 0 -9 -17 -25 -32 -38 -43 -47 -49 -50 -49 -47 -43 -38 -32 -25 -17 -9 0 9 17 25 32 38 43 47 49;...
    0 -3 -7 -10 -13 -15 -17 -19 -20 -20 -20 -19 -17 -15 -13 -10 -7 -3 0 3 5 8 10 11 13 14 15 15 15 14 13 11 10 8 5 3]';
% face_space =[ 0 -3 -7 -10 -13 -15 -17 -19 -20 -20 -20 -19 -17 -15 -13 -10 -7 -3 0 3 5 8 10 11 13 14 15 15 15 14 13 11 10 8 5 3;...
%     50 49 47 43 38 32 25 17 9 0 -9 -17 -25 -32 -38 -43 -47 -49 -50 -49
%     -47 -43 -38 -32 -25 -17 -9 0 9 17 25 32 38 43 47 49]';